100
   0.2747456   0.0464678
   0.9927552   0.0800304
   0.1476888   0.0796447
   0.2805665   0.4484554
   0.4982478   0.8940019
   0.0156746   0.2746502
   0.9714187   0.2212781
   0.4164951   0.2561370
   0.3634193   0.2718471
   0.4159668   0.2562429
   0.3028505   0.4612696
   0.4511670   0.2853909
   0.0763532   0.8217415
   0.9652387   0.3917417
   0.3736224   0.9697014
   0.4773686   0.6483680
   0.0161692   0.4701239
   0.7283985   0.1638580
   0.5497685   0.0089649
   0.6123134   0.0480164
   0.9029668   0.6279880
   0.3226666   0.8743855
   0.8492662   0.7391617
   0.1305225   0.2126855
   0.0110088   0.5464893
   0.4689284   0.3138593
   0.0077590   0.9200954
   0.5992502   0.0841122
   0.7418369   0.5644889
   0.4758539   0.1154593
   0.5341904   0.9532225
   0.7638273   0.5503595
   0.4233464   0.4922258
   0.7142175   0.9731149
   0.5011907   0.3265309
   0.0211313   0.4041576
   0.9545190   0.3437979
   0.2785431   0.8037852
   0.0829596   0.4090657
   0.0164706   0.0939683
   0.9555550   0.4853991
   0.4078276   0.9633139
   0.4054944   0.0070778
   0.0474261   0.1473313
   0.5715667   0.5232800
   0.2627906   0.1057571
   0.4765025   0.0266180
   0.6561166   0.8998489
   0.5188438   0.3703341
   0.8729638   0.0200345
   0.6968651   0.8940951
   0.4241921   0.6513841
   0.2378930   0.7027352
   0.4551692   0.3208525
   0.1118008   0.4716399
   0.4148209   0.0673558
   0.9570389   0.8226485
   0.0306697   0.3625333
   0.8297262   0.0780958
   0.5098646   0.4012929
   0.6013758   0.7726553
   0.5070500   0.0778783
   0.7992732   0.1631666
   0.9777272   0.3181170
   0.5335008   0.8506910
   0.3381515   0.2303658
   0.7447861   0.7623436
   0.8817499   0.9826791
   0.4650788   0.3369191
   0.3035316   0.5768796
   0.8085590   0.7183524
   0.6442354   0.7655979
   0.5410009   0.6749051
   0.1281312   0.3707271
   0.7530010   0.6379958
   0.7720201   0.3543768
   0.4106511   0.2790701
   0.4322551   0.2099244
   0.4422367   0.4099823
   0.5280414   0.9757374
   0.2606733   0.8661929
   0.2061033   0.0054594
   0.6285365   0.0878532
   0.9881385   0.0936153
   0.4247723   0.2916701
   0.6704949   0.2333312
   0.0100225   0.3147303
   0.9989291   0.5510234
   0.9896355   0.1270603
   0.9217506   0.7426365
   0.7650561   0.6937706
   0.0970132   0.1757072
   0.9728407   0.5292683
   0.3856316   0.4150774
   0.9392507   0.9136729
   0.3908149   0.1999240
   0.7798658   0.5969182
   0.2053834   0.4084023
   0.6847713   0.1935219
   0.5020176   0.1095436
